5,5
5,3
4,3
7,3
565,7
565,6
565,5
565,4
565,3
565,2
565,1
565,0
564,6
564,5
564,3
564,2
564,1
564,0
561,6
561,5
561,3
561,2
561,1
561,0
558,5
558,3
558,2
558,1
558,0
556,7
556,6
556,3
556,2
556,1
556,0
553,6
553,5
553,3
553,2
553,1
553,0
549,4
549,3
549,2
549,1
549,0
547,3
547,2
547,1
547,0
546,4
546,3
546,2
546,1
546,0
545,3
545,2
545,1
545,0
544,4
544,3
544,2
544,1
544,0
543,4
543,3
543,2
543,1
543,0
542,4
542,3
542,2
542,1
542,0
541,5
541,4
541,3
541,2
541,1
541,0
540,3
540,2
540,1
540,0
539,8
539,4
539,3
539,2
539,1
539,0
538,3
538,2
538,1
538,0
1,45
3,44
2,44
1,44
3,43
2,43
1,43
3,42
2,42
1,42
3,41
2,41
1,41
3,40
2,40
1,40
3,39
2,39
1,39
3,38
2,38
1,38
3,37
2,37
1,37
3,36
2,36
1,36
3,35
2,35
1,35
3,34
2,34
1,34
3,33
2,33
1,33
3,32
2,32
1,32
3,31
2,31
1,31
3,30
2,30
1,30
3,29
2,29
1,29
3,28
2,28
1,28
3,27
2,27
1,27
3,26
2,26
1,26
3,25
2,25
1,25
3,24
2,24
1,24
3,23
2,23
1,23
3,22
2,22
1,22
3,21
2,21
1,21
3,20
2,20
1,20
3,19
2,19
1,19
3,18
2,18
1,18
3,17
2,17
1,17
3,16
2,16
1,16
3,15
2,15
1,15
3,14
2,14
1,14
3,13
2,13
1,13
3,12
2,12
1,12
3,11
2,11
1,11
3,10
2,10
1,10
3,9
2,9
1,9
3,8
2,8
1,8
3,7
2,7
1,7
3,6
2,6
1,6
3,5
2,5
1,5
3,4
2,4
1,4
3,3
3,0
2,3
2,0
1,3
1,0
0,6
0,0
0,47
0,46
0,49
0,48
0,45
0,12
0,10
0,8
0,11
0,5
0,7
0,4
0,3
